# The average difference between the length of a string and
# the length of its minimal period
#
# Columns correspond to string length
# Rows correspond to alphabet size

         2      3      4      5      6      7      8      9     10     11     12     13     14     15     16     17
2    0.500  0.750  1.000  1.125  1.281  1.375  1.453  1.500  1.545  1.574  1.595  1.607  1.618  1.625  1.630  1.633
3    0.333  0.444  0.556  0.593  0.638  0.656  0.670  0.676  0.681  0.683  0.684  0.685  0.685  0.686  0.686  0.686
4    0.250  0.312  0.375  0.391  0.409  0.415  0.419  0.420  0.421  0.422  0.422  0.422  0.422  0.422  0.422  0.422
5    0.200  0.240  0.280  0.288  0.297  0.299  0.301  0.301  0.302  0.302  0.302  0.302  0.302  0.302  0.302  0.302


===================================================================================================================


# The average length of the minimal period of a string
#
# Columns correspond to string length
# Rows correspond to alphabet size

         2      3      4      5      6      7      8      9     10     11     12     13     14     15     16     17
2    1.500  2.250  3.000  3.875  4.719  5.625  6.547  7.500  8.455  9.426 10.405 11.393 12.382 13.375 14.370 15.367
3    1.667  2.556  3.444  4.407  5.362  6.344  7.330  8.324  9.319 10.317 11.316 12.315 13.315 14.314 15.314 16.314
4    1.750  2.688  3.625  4.609  5.591  6.585  7.581  8.580  9.579 10.578 11.578 12.578 13.578 14.578 15.578 16.578
5    1.800  2.760  3.720  4.712  5.703  6.701  7.699  8.699  9.698 10.698 11.698 12.698 13.698 14.698 15.698 16.698
