# The average difference between the length of a string and
# the length of its maximal unbordered factor length
#
# Columns correspond to string length
# Rows correspond to alphabet size

         2      3      4      5      6      7      8      9     10     11     12     13     14     15     16     17
2    0.500  0.750  1.000  1.125  1.281  1.375  1.469  1.523  1.578  1.614  1.648  1.669  1.687  1.699  1.709  1.716
3    0.333  0.444  0.556  0.593  0.638  0.656  0.674  0.680  0.686  0.689  0.691  0.692  0.693  0.693  0.694  0.694
4    0.250  0.312  0.375  0.391  0.409  0.415  0.420  0.421  0.423  0.423  0.423  0.424  0.424  0.424  0.424  0.424
5    0.200  0.240  0.280  0.288  0.297  0.299  0.302  0.302  0.302  0.302  0.303  0.303  0.303  0.303  0.303  0.303


===================================================================================================================


# The average length of the maximal unbordered factor length of a string
#
# Columns correspond to string length
# Rows correspond to alphabet size

         2      3      4      5      6      7      8      9     10     11     12     13     14     15     16     17
2    1.500  2.250  3.000  3.875  4.719  5.625  6.531  7.477  8.422  9.386 10.352 11.331 12.313 13.301 14.291 15.284
3    1.667  2.556  3.444  4.407  5.362  6.344  7.326  8.320  9.314 10.311 11.309 12.308 13.307 14.307 15.306 16.306
4    1.750  2.688  3.625  4.609  5.591  6.585  7.580  8.579  9.577 10.577 11.577 12.576 13.576 14.576 15.576 16.576
5    1.800  2.760  3.720  4.712  5.703  6.701  7.698  8.698  9.698 10.698 11.697 12.697 13.697 14.697 15.697 16.697
